# X(m) , Y(m), t_peak(s), peak_amp(micro-volt)
1.081000041961669922e+01 -0.000000000000000000e+00 -7.250004291534424451e-09 3.057838256878098449e+01
7.650000095367431641e+00 9.739999771118164062e+00 1.375001144409179817e-08 2.951605754804815263e+01
0.000000000000000000e+00 1.377999973297119141e+01 1.875000762939453300e-08 2.435454083213268461e+01
-7.650000095367431641e+00 9.739999771118164062e+00 1.025001144409179826e-08 3.257614832137873151e+01
-1.081000041961669922e+01 0.000000000000000000e+00 -9.750003814697266551e-09 3.178309296754916602e+01
-7.639999866485595703e+00 -9.729999542236328125e+00 -2.924999618530273691e-08 3.025598786615154978e+01
-0.000000000000000000e+00 -1.375000000000000000e+01 -3.424999237060547175e-08 2.691676542162728580e+01
7.639999866485595703e+00 -9.729999542236328125e+00 -2.624999618530273652e-08 2.573948003431197051e+01
2.148999977111816406e+01 -0.000000000000000000e+00 -6.250004291534424595e-09 2.543584236769143203e+01
1.522000026702880859e+01 1.937000083923339844e+01 3.375000000000000112e-08 2.851205645477143591e+01
0.000000000000000000e+00 2.740999984741210938e+01 4.824999618530273499e-08 3.257303223858541941e+01
-1.522000026702880859e+01 1.937000083923339844e+01 3.174999809265137125e-08 4.167032520128903172e+01
-2.148999977111816406e+01 0.000000000000000000e+00 -8.750003814697265868e-09 4.056151668811562416e+01
-1.518000030517578125e+01 -1.931999969482421875e+01 -4.775001144409179822e-08 4.090005518837133991e+01
-0.000000000000000000e+00 -2.731999969482421875e+01 -6.425000762939453677e-08 3.193139050803333490e+01
1.518000030517578125e+01 -1.931999969482421875e+01 -4.625001144409179802e-08 2.520983468352328671e+01
3.581000137329101562e+01 -0.000000000000000000e+00 -6.250004291534424595e-09 2.673961680701525623e+01
2.537000083923339844e+01 3.229999923706054688e+01 6.024999618530273657e-08 3.149488576424361597e+01
0.000000000000000000e+00 4.572000122070312500e+01 8.674999237060547863e-08 4.155049286979633649e+01
-2.537000083923339844e+01 3.229999923706054688e+01 5.924999618530274085e-08 5.100657066523137217e+01
-3.581000137329101562e+01 0.000000000000000000e+00 -7.750004291534424792e-09 5.370744386997191810e+01
-2.527000045776367188e+01 -3.216999816894531250e+01 -7.374999237060546810e-08 4.924999658083222442e+01
-0.000000000000000000e+00 -4.545000076293945312e+01 -1.007499847412109444e-07 3.982475933264085910e+01
2.527000045776367188e+01 -3.216999816894531250e+01 -7.274999237060547239e-08 3.037078978040639399e+01
5.375999832153320312e+01 -0.000000000000000000e+00 -5.750009536743164209e-09 3.220827495241628924e+01
3.813000106811523438e+01 4.854000091552734375e+01 9.424999237060547300e-08 3.666784198574669063e+01
0.000000000000000000e+00 6.873999786376953125e+01 1.357500000000000079e-07 5.120518465130800934e+01
-3.813000106811523438e+01 4.854000091552734375e+01 9.374999237060547514e-08 6.530821147497486834e+01
-5.375999832153320312e+01 0.000000000000000000e+00 -6.250009536743164550e-09 6.825585406380602649e+01
-3.788999938964843750e+01 -4.824000167846679688e+01 -1.057499847412109495e-07 6.345153482726469463e+01
-0.000000000000000000e+00 -6.812999725341796875e+01 -1.467500000000000137e-07 4.916153868209153899e+01
3.788999938964843750e+01 -4.824000167846679688e+01 -1.052499847412109384e-07 3.629854846136676372e+01
7.533999633789062500e+01 -0.000000000000000000e+00 -4.749991893768311025e-09 3.521962392661603047e+01
5.350999832153320312e+01 6.812000274658203125e+01 1.357500000000000079e-07 4.353711565876068335e+01
0.000000000000000000e+00 9.651000213623046875e+01 1.942500000000000089e-07 6.048802933256216363e+01
-5.350999832153320312e+01 6.812000274658203125e+01 1.357500000000000079e-07 7.666390819702230885e+01
-7.533999633789062500e+01 0.000000000000000000e+00 -5.249991893768310539e-09 7.938493663434636005e+01
-5.304000091552734375e+01 -6.751999664306640625e+01 -1.442500305175781466e-07 7.133176359935349353e+01
-0.000000000000000000e+00 -9.531999969482421875e+01 -2.017499847412109621e-07 5.451174171343124186e+01
5.304000091552734375e+01 -6.751999664306640625e+01 -1.442500305175781466e-07 3.938560321075934922e+01
1.005599975585937500e+02 -0.000000000000000000e+00 -3.250002384185791152e-09 3.626382189303296855e+01
7.151999664306640625e+01 9.105000305175781250e+01 1.842499999999999988e-07 4.690530295427609531e+01
0.000000000000000000e+00 1.290800018310546875e+02 2.627499999999999937e-07 6.438445043514991539e+01
-7.151999664306640625e+01 9.105000305175781250e+01 1.842499999999999988e-07 7.922505358380465168e+01
-1.005599975585937500e+02 0.000000000000000000e+00 -3.750002384185791080e-09 8.343755297604485577e+01
-7.069000244140625000e+01 -8.998999786376953125e+01 -1.892499694824218949e-07 7.297243708027977505e+01
-0.000000000000000000e+00 -1.269599990844726562e+02 -2.657499694824218984e-07 5.500540825678590551e+01
7.069000244140625000e+01 -8.998999786376953125e+01 -1.892499694824218949e-07 3.990394982290780490e+01
1.294100036621093750e+02 -0.000000000000000000e+00 -1.749989867210388301e-09 3.008186327870780730e+01
9.219999694824218750e+01 1.173700027465820312e+02 2.402499999999999973e-07 3.990557938176588237e+01
0.000000000000000000e+00 1.665099945068359375e+02 3.417499999999999996e-07 5.637055802164595519e+01
-9.219999694824218750e+01 1.173700027465820312e+02 2.402499999999999973e-07 6.824998196218136570e+01
-1.294100036621093750e+02 0.000000000000000000e+00 -2.249989748001098948e-09 7.137667249528175262e+01
-9.081999969482421875e+01 -1.156200027465820312e+02 -2.407500000000000349e-07 6.233440448532264355e+01
-0.000000000000000000e+00 -1.630099945068359375e+02 -3.387500000000000389e-07 4.758503778852759325e+01
9.081999969482421875e+01 -1.156200027465820312e+02 -2.407500000000000349e-07 3.447594028620343209e+01
1.618999938964843750e+02 -0.000000000000000000e+00 -2.499878257513046394e-10 2.153033163972908781e+01
1.155699996948242188e+02 1.471199951171875000e+02 3.032500000000000188e-07 2.805868295214521169e+01
0.000000000000000000e+00 2.088800048828125000e+02 4.307500000000000157e-07 3.959609034982591425e+01
-1.155699996948242188e+02 1.471199951171875000e+02 3.032500000000000188e-07 4.821253378345220852e+01
-1.618999938964843750e+02 0.000000000000000000e+00 -7.499877810478210608e-10 5.039330537524657672e+01
-1.134100036621093750e+02 -1.443800048828125000e+02 -2.987499694824218895e-07 4.447027675608508446e+01
-0.000000000000000000e+00 -2.033999938964843750e+02 -4.207500000000000056e-07 3.418936550120519513e+01
1.134100036621093750e+02 -1.443800048828125000e+02 -2.987499694824218895e-07 2.430786071490806677e+01
1.980299987792968750e+02 -0.000000000000000000e+00 1.250003695487976223e-09 1.339634363509377835e+01
1.416600036621093750e+02 1.803300018310546875e+02 3.737500000000000215e-07 1.671010741867148042e+01
0.000000000000000000e+00 2.562600097656250000e+02 5.302500000000000266e-07 2.299918364085770861e+01
-1.416600036621093750e+02 1.803300018310546875e+02 3.732500000000000368e-07 2.844123610088364273e+01
-1.980299987792968750e+02 0.000000000000000000e+00 1.250003695487976223e-09 2.983549103490442533e+01
-1.384299926757812500e+02 -1.762299957275390625e+02 -3.627500000000000421e-07 2.657263713066736344e+01
-0.000000000000000000e+00 -2.480599975585937500e+02 -5.112500000000000814e-07 2.083873592842934741e+01
1.384299926757812500e+02 -1.762299957275390625e+02 -3.627500000000000421e-07 1.506986465286161625e+01
2.378000030517578125e+02 -0.000000000000000000e+00 3.249989748001098803e-09 6.912485887356162095e+00
1.705000000000000000e+02 2.170500030517578125e+02 4.512500000000000206e-07 8.397673166526660182e+00
0.000000000000000000e+00 3.087500000000000000e+02 6.407500000000000697e-07 1.201008638122801386e+01
-1.705000000000000000e+02 2.170500030517578125e+02 4.512500000000000206e-07 1.486346001174504394e+01
-2.378000030517578125e+02 0.000000000000000000e+00 3.249989748001098803e-09 1.574272426068070985e+01
-1.658600006103515625e+02 -2.111399993896484375e+02 -4.327499694824218982e-07 1.403070639291243715e+01
-0.000000000000000000e+00 -2.969200134277343750e+02 -6.097499389648437463e-07 1.108492145379316796e+01
1.658600006103515625e+02 -2.111399993896484375e+02 -4.327499694824218982e-07 8.181018275837221410e+00
2.812099914550781250e+02 -0.000000000000000000e+00 5.750011920928955624e-09 3.308636747133298250e+00
2.021499938964843750e+02 2.573399963378906250e+02 5.367499999999999855e-07 3.729255155650849307e+00
0.000000000000000000e+00 3.664500122070312500e+02 7.622500000000000923e-07 5.329479985984716173e+00
-2.021499938964843750e+02 2.573399963378906250e+02 5.372500000000000231e-07 7.229063745373578875e+00
-2.812099914550781250e+02 0.000000000000000000e+00 5.750011920928955624e-09 7.850706284783307787e+00
-1.956499938964843750e+02 -2.490700073242187500e+02 -5.087499694824218905e-07 6.983561112195232568e+00
-0.000000000000000000e+00 -3.498999938964843750e+02 -7.167499389648438442e-07 5.120386356765438407e+00
1.956499938964843750e+02 -2.490700073242187500e+02 -5.082499694824219589e-07 3.855014703030738232e+00
3.282699890136718750e+02 -0.000000000000000000e+00 3.474999237060546961e-08 1.657406192191937855e+00
2.366399993896484375e+02 3.012399902343750000e+02 6.302500000000000220e-07 1.754537855685908587e+00
0.000000000000000000e+00 4.294800109863281250e+02 8.957499389648438456e-07 2.358867959460945407e+00
-2.366399993896484375e+02 3.012399902343750000e+02 6.312499999999999913e-07 3.441612082647124371e+00
-3.282699890136718750e+02 0.000000000000000000e+00 9.249994277954101376e-09 3.873622022282457777e+00
-2.277799987792968750e+02 -2.899700012207031250e+02 -5.892499389648437944e-07 3.404368237001588415e+00
-0.000000000000000000e+00 -4.069299926757812500e+02 -8.312499389648437644e-07 2.361673950519586285e+00
2.277799987792968750e+02 -2.899700012207031250e+02 -5.887499389648437568e-07 1.898709881699213842e+00
3.789899902343750000e+02 -0.000000000000000000e+00 7.375001525878906304e-08 9.569158629085516843e-01
2.740199890136718750e+02 3.488299865722656250e+02 7.332500000000000311e-07 7.656823974833546487e-01
0.000000000000000000e+00 4.979700012207031250e+02 1.042750000000000096e-06 1.135178012855206697e+00
-2.740199890136718750e+02 3.488299865722656250e+02 7.367500000000000823e-07 1.595875086666662446e+00
-3.789899902343750000e+02 0.000000000000000000e+00 1.425001335144043115e-08 1.896201503158868373e+00
-2.622200012207031250e+02 -3.338099975585937500e+02 -6.742499389648438276e-07 1.673354103014088379e+00
-0.000000000000000000e+00 -4.678999938964843750e+02 -9.522500000000000731e-07 1.112976228777764920e+00
2.622200012207031250e+02 -3.338099975585937500e+02 -6.732499389648437525e-07 1.114893678958142065e+00
4.333699951171875000e+02 -0.000000000000000000e+00 3.375000381469726474e-08 8.628742000396250056e-01
3.143500061035156250e+02 4.001799926757812500e+02 9.237500000000000495e-07 8.420143037009940601e-01
0.000000000000000000e+00 5.720599975585937500e+02 1.285750000000000141e-06 7.381481932371232180e-01
-3.143500061035156250e+02 4.001799926757812500e+02 8.922500000000000123e-07 1.163192763902185067e+00
-4.333699951171875000e+02 0.000000000000000000e+00 6.825000762939453288e-08 1.113691326321367914e+00
-2.989200134277343750e+02 -3.805299987792968750e+02 -7.342499389648437825e-07 1.037543023886684956e+00
-0.000000000000000000e+00 -5.327299804687500000e+02 -1.046749877929687537e-06 8.074432294196982607e-01
2.989200134277343750e+02 -3.805299987792968750e+02 -6.782499389648438105e-07 7.913884605504295511e-01
4.914200134277343750e+02 -0.000000000000000000e+00 5.475000381469726749e-08 8.412132484706608127e-01
3.577000122070312500e+02 4.553599853515625000e+02 1.036750000000000069e-06 7.765599107746866681e-01
0.000000000000000000e+00 6.519099731445312500e+02 1.428250000000000047e-06 5.570823999524747716e-01
-3.577000122070312500e+02 4.553599853515625000e+02 1.026750000000000165e-06 7.520449866545493300e-01
-4.914200134277343750e+02 0.000000000000000000e+00 6.525000762939453249e-08 1.044193326625490359e+00
-3.378399963378906250e+02 -4.300799865722656250e+02 -8.412499389648437745e-07 8.797597980233897719e-01
-0.000000000000000000e+00 -6.013200073242187500e+02 -1.133749877929687509e-06 5.959101325725614240e-01
3.378399963378906250e+02 -4.300799865722656250e+02 -8.177499389648438089e-07 7.469744815997777510e-01
5.531599731445312500e+02 -0.000000000000000000e+00 9.025000762939453136e-08 6.025072437228596867e-01
4.041300048828125000e+02 5.144600219726562500e+02 1.149250000000000050e-06 6.746968493422247359e-01
0.000000000000000000e+00 7.377000122070312500e+02 1.604750000000000179e-06 6.787996178557993421e-01
-4.041300048828125000e+02 5.144600219726562500e+02 1.169750000000000108e-06 6.748902811558257220e-01
-5.531599731445312500e+02 0.000000000000000000e+00 1.442500000000000112e-07 6.134898387009510845e-01
-3.789599914550781250e+02 -4.824299926757812500e+02 -8.852500000000000158e-07 6.138589021825190395e-01
-0.000000000000000000e+00 -6.735700073242187500e+02 -1.315250000000000028e-06 6.572532247631985847e-01
3.789599914550781250e+02 -4.824299926757812500e+02 -8.647500000000000638e-07 6.867167968205756257e-01
6.185800170898437500e+02 -0.000000000000000000e+00 1.212500000000000038e-07 8.930736740955647068e-01
4.537099914550781250e+02 5.775800170898437500e+02 1.326250000000000007e-06 5.501665514870273110e-01
0.000000000000000000e+00 8.296300048828125000e+02 1.848749877929687651e-06 4.802016349036703491e-01
-4.537099914550781250e+02 5.775800170898437500e+02 1.310750000000000114e-06 4.881664040665131266e-01
-6.185800170898437500e+02 0.000000000000000000e+00 1.222499999999999995e-07 6.300433031642762582e-01
-4.222300109863281250e+02 -5.375100097656250000e+02 -1.007749938964843790e-06 6.607554286760390916e-01
-0.000000000000000000e+00 -7.493900146484375000e+02 -1.396749877929687574e-06 5.694801444525090517e-01
4.222300109863281250e+02 -5.375100097656250000e+02 -9.472499389648437972e-07 5.614110484350968155e-01
6.877199707031250000e+02 -0.000000000000000000e+00 1.112500000000000069e-07 1.066043039003251147e+00
5.065299987792968750e+02 6.448200073242187500e+02 1.460250000000000122e-06 5.609943944634279145e-01
0.000000000000000000e+00 9.279000244140625000e+02 2.047249877929687741e-06 4.564459277152749239e-01
-5.065299987792968750e+02 6.448200073242187500e+02 1.481750000000000043e-06 5.531155550786972519e-01
-6.877199707031250000e+02 0.000000000000000000e+00 1.677500000000000033e-07 6.875538121463163899e-01
-4.676099853515625000e+02 -5.952800292968750000e+02 -1.071250000000000120e-06 7.057887156461530864e-01
-0.000000000000000000e+00 -8.286599731445312500e+02 -1.525249877929687699e-06 5.718464736675733517e-01
4.676099853515625000e+02 -5.952800292968750000e+02 -1.117750000000000013e-06 5.770036216389344830e-01
7.605800170898437500e+02 -0.000000000000000000e+00 1.617500000000000025e-07 7.615222862557844419e-01
5.626699829101562500e+02 7.162899780273437500e+02 1.622249877929687575e-06 4.431150975737849218e-01
0.000000000000000000e+00 1.032770019531250000e+03 2.257250000000000284e-06 5.468040043616639867e-01
-5.626699829101562500e+02 7.162899780273437500e+02 1.835249877929687696e-06 4.530777333686910602e-01
-7.605800170898437500e+02 0.000000000000000000e+00 1.447499999999999958e-07 4.569042227333214856e-01
-5.150599975585937500e+02 -6.556799926757812500e+02 -1.207250000000000173e-06 4.961759372467099971e-01
-0.000000000000000000e+00 -9.112899780273437500e+02 -1.675750000000000007e-06 4.928424970828928497e-01
5.150599975585937500e+02 -6.556799926757812500e+02 -1.122250000000000140e-06 5.225887001715876501e-01
8.371900024414062500e+02 -0.000000000000000000e+00 1.672499847412109377e-07 5.035136476149555396e-01
6.222500000000000000e+02 7.921300048828125000e+02 1.836250000000000207e-06 3.748774591945269741e-01
0.000000000000000000e+00 1.144479980468750000e+03 2.546750000000000223e-06 4.314389974818798601e-01
-6.222500000000000000e+02 7.921300048828125000e+02 1.983250000000000028e-06 4.285453259089063160e-01
-8.371900024414062500e+02 0.000000000000000000e+00 2.607500000000000022e-07 4.485449613362608168e-01
-5.645300292968750000e+02 -7.186599731445312500e+02 -1.269749877929687562e-06 4.060258698784318110e-01
-0.000000000000000000e+00 -9.971799926757812500e+02 -1.794250000000000016e-06 5.198268166680515279e-01
5.645300292968750000e+02 -7.186599731445312500e+02 -1.269749877929687562e-06 4.750191419208196764e-01
-3.847099914550781250e+02 3.079999923706054688e+00 -1.053249877929687602e-06 8.236846514208970849e-01
2.631199951171875000e+02 3.393800048828125000e+02 -1.172499847412109400e-07 7.061315870110530524e-01
1.389700012207031250e+02 1.119300048828125000e+03 2.686250000000000327e-06 3.858854735003976466e-01
2.857099914550781250e+02 -5.370800170898437500e+02 -1.654250000000000086e-06 9.423157929645783470e-01
-4.913800048828125000e+02 1.644400024414062500e+02 -2.129249999999999985e-06 3.993098389349589716e-01
-3.139400024414062500e+02 -3.214400024414062500e+02 7.957500000000000680e-07 6.379619772013047641e-01
-1.728000030517578125e+02 -8.190999755859375000e+02 -3.766750000000000401e-06 1.131715502992280165e+01
1.073999977111816406e+01 4.188500061035156250e+02 -9.322499389648438350e-07 4.229034664104424635e-01
4.309400024414062500e+02 7.750000000000000000e+00 9.457500000000000083e-07 8.159113608861489064e-01
5.460399780273437500e+02 6.550100097656250000e+02 2.755750000000000255e-06 5.197135052664972887e-01
6.323599853515625000e+02 1.976000022888183594e+01 -1.866249877929687696e-06 4.189652893169296122e-01
1.307100067138671875e+02 -1.095400009155273438e+02 1.773749877929687522e-06 6.508494475280898195e-01
-6.634099731445312500e+02 2.460700073242187500e+02 2.865250000000000223e-06 4.756658432107751522e-01
-3.129700012207031250e+02 6.225900268554687500e+02 1.760249877929687567e-06 8.759036778523197064e-01
4.903200073242187500e+02 -4.913500061035156250e+02 -9.327500000000000904e-07 5.659378519512234806e-01
1.226100006103515625e+02 -9.626400146484375000e+02 6.402500000000000322e-07 3.334352378152999896e-01
