# X(m) , Y(m), t_peak(s), peak_amp(micro-volt)
-1.018999958038330078e+01 0.000000000000000000e+00 -9.750001907348633088e-09 2.642881771436526833e+03
-7.210000038146972656e+00 -9.180000305175781250e+00 9.249996185302734839e-09 2.781861498845304595e+03
-0.000000000000000000e+00 -1.298999977111816406e+01 1.724999618530273534e-08 3.132703684177380183e+03
7.210000038146972656e+00 -9.180000305175781250e+00 9.249996185302734839e-09 3.275218485775993486e+03
1.018999958038330078e+01 -0.000000000000000000e+00 -9.750001907348633088e-09 3.251624100565795288e+03
7.199999809265136719e+00 9.170000076293945312e+00 -2.875000953674316502e-08 3.185163739613440157e+03
0.000000000000000000e+00 1.296000003814697266e+01 -3.675001144409179898e-08 3.009153089089886180e+03
-7.199999809265136719e+00 9.170000076293945312e+00 -2.875000953674316502e-08 2.751386817510798664e+03
-2.187999916076660156e+01 0.000000000000000000e+00 -8.750006675720215235e-09 2.951020190587208617e+03
-1.550000000000000000e+01 -1.972999954223632812e+01 3.174999046325683740e-08 3.101363211917514491e+03
-0.000000000000000000e+00 -2.792000007629394531e+01 4.875001144409180056e-08 3.366220676083030412e+03
1.550000000000000000e+01 -1.972999954223632812e+01 3.174999046325683740e-08 3.524811657833281515e+03
2.187999916076660156e+01 -0.000000000000000000e+00 -8.750006675720215235e-09 3.550991986398292738e+03
1.544999980926513672e+01 1.967000007629394531e+01 -4.925000381469727118e-08 3.531464201319702170e+03
0.000000000000000000e+00 2.779000091552734375e+01 -6.625000000000000097e-08 3.312516803210101898e+03
-1.544999980926513672e+01 1.967000007629394531e+01 -4.925000381469727118e-08 3.013209732627423364e+03
-3.799000167846679688e+01 0.000000000000000000e+00 -7.250007152557373818e-09 3.297064897955542165e+03
-2.694000053405761719e+01 -3.429000091552734375e+01 6.325000762939454105e-08 3.443257659506614800e+03
-0.000000000000000000e+00 -4.854999923706054688e+01 9.275000762939453389e-08 3.701091330494945851e+03
2.694000053405761719e+01 -3.429000091552734375e+01 6.325000762939454105e-08 3.936916088892865446e+03
3.799000167846679688e+01 -0.000000000000000000e+00 -7.750007152557374159e-09 4.004847262361016419e+03
2.678000068664550781e+01 3.409999847412109375e+01 -7.775000762939453192e-08 3.895185458524347723e+03
0.000000000000000000e+00 4.815999984741210938e+01 -1.067499847412109452e-07 3.701421396847877531e+03
-2.678000068664550781e+01 3.409999847412109375e+01 -7.775000762939453192e-08 3.412856021319941192e+03
-5.850000000000000000e+01 0.000000000000000000e+00 -6.249989032745361855e-09 3.481335809190203690e+03
-4.154999923706054688e+01 -5.288999938964843750e+01 1.027499923706054763e-07 3.621333493102577904e+03
-0.000000000000000000e+00 -7.494000244140625000e+01 1.482500000000000206e-07 3.889183194632325922e+03
4.154999923706054688e+01 -5.288999938964843750e+01 1.027499923706054763e-07 4.073504801435623904e+03
5.850000000000000000e+01 -0.000000000000000000e+00 -6.249989032745361855e-09 4.134578232627982288e+03
4.118999862670898438e+01 5.243000030517578125e+01 -1.147500152587890728e-07 4.034535151082530319e+03
0.000000000000000000e+00 7.401000213623046875e+01 -1.592499999999999999e-07 3.825340627530543770e+03
-4.118999862670898438e+01 5.243000030517578125e+01 -1.142500152587890750e-07 3.593706476976859449e+03
-8.343000030517578125e+01 0.000000000000000000e+00 -4.750005245208740303e-09 3.165814276989417522e+03
-5.936000061035156250e+01 -7.556999969482421875e+01 1.512500000000000077e-07 3.327963507803166067e+03
-0.000000000000000000e+00 -1.071500015258789062e+02 2.162499847412109397e-07 3.579535988907170577e+03
5.936000061035156250e+01 -7.556999969482421875e+01 1.512500000000000077e-07 3.754094223604001400e+03
8.343000030517578125e+01 -0.000000000000000000e+00 -4.750005245208740303e-09 3.772850224853447799e+03
5.863000106811523438e+01 7.462999725341796875e+01 -1.587500000000000153e-07 3.710613326338826027e+03
0.000000000000000000e+00 1.052699966430664062e+02 -2.222500152587890759e-07 3.531929384682235195e+03
-5.863000106811523438e+01 7.462999725341796875e+01 -1.587500000000000153e-07 3.303021509463586881e+03
-1.127699966430664062e+02 0.000000000000000000e+00 -3.249997854232788125e-09 2.400862037379702087e+03
-8.041999816894531250e+01 -1.023799972534179688e+02 2.082500000000000020e-07 2.533577519098981156e+03
-0.000000000000000000e+00 -1.453000030517578125e+02 2.967500000000000070e-07 2.753007047951499771e+03
8.041999816894531250e+01 -1.023799972534179688e+02 2.082500000000000020e-07 2.865855505588056985e+03
1.127699966430664062e+02 -0.000000000000000000e+00 -3.249997854232788125e-09 2.876872818279443891e+03
7.906999969482421875e+01 1.006600036621093750e+02 -2.112500152587890701e-07 2.829790395168784471e+03
0.000000000000000000e+00 1.418600006103515625e+02 -2.962499694824219134e-07 2.716240340984095837e+03
-7.906999969482421875e+01 1.006600036621093750e+02 -2.107500152587890854e-07 2.518585809385529956e+03
-1.465299987792968750e+02 0.000000000000000000e+00 -1.250006318092346201e-09 1.480327884314923494e+03
-1.047600021362304688e+02 -1.333699951171875000e+02 2.742500000000000106e-07 1.565655760564294269e+03
-0.000000000000000000e+00 -1.894799957275390625e+02 3.897500000000000059e-07 1.704521662466005637e+03
1.047600021362304688e+02 -1.333699951171875000e+02 2.742500000000000106e-07 1.752603415654303490e+03
1.465299987792968750e+02 -0.000000000000000000e+00 -1.250006318092346201e-09 1.764631465465369274e+03
1.024899978637695312e+02 1.304700012207031250e+02 -2.707499694824219034e-07 1.761988822676576092e+03
0.000000000000000000e+00 1.836799926757812500e+02 -3.807500000000000180e-07 1.698398228112731431e+03
-1.024899978637695312e+02 1.304700012207031250e+02 -2.707499694824219034e-07 1.561014933280955802e+03
-1.847100067138671875e+02 0.000000000000000000e+00 7.500029802322388502e-10 7.459913282070549485e+02
-1.324499969482421875e+02 -1.686100006103515625e+02 3.487499999999999961e-07 7.925119107408007721e+02
-0.000000000000000000e+00 -2.398399963378906250e+02 4.957500000000000816e-07 8.528432048782965467e+02
1.324499969482421875e+02 -1.686100006103515625e+02 3.487499999999999961e-07 8.834423593789020970e+02
1.847100067138671875e+02 -0.000000000000000000e+00 7.500029802322388502e-10 8.917187518273001388e+02
1.288300018310546875e+02 1.640000000000000000e+02 -3.382499694824218924e-07 9.021274497644161556e+02
0.000000000000000000e+00 2.306199951171875000e+02 -4.757500000000000084e-07 8.791855380004727749e+02
-1.288300018310546875e+02 1.640000000000000000e+02 -3.377499694824219078e-07 7.939416374142666655e+02
-2.273200073242187500e+02 0.000000000000000000e+00 3.249991178512573487e-09 3.267806085602967414e+02
-1.635299987792968750e+02 -2.081699981689453125e+02 4.327500000000000072e-07 3.395879950419813440e+02
-0.000000000000000000e+00 -2.965299987792968750e+02 6.152500000000000598e-07 3.651193833798736819e+02
1.635299987792968750e+02 -2.081699981689453125e+02 4.327500000000000072e-07 3.811459394979223703e+02
2.273200073242187500e+02 -0.000000000000000000e+00 2.749991178512573559e-09 3.897572542678064451e+02
1.580399932861328125e+02 2.011900024414062500e+02 -4.127499694824218779e-07 4.013207350126087931e+02
0.000000000000000000e+00 2.825599975585937500e+02 -5.807500000000000089e-07 3.941494358605286834e+02
-1.580399932861328125e+02 2.011900024414062500e+02 -4.122499694824218933e-07 3.567851859588195680e+02
-2.743599853515625000e+02 0.000000000000000000e+00 5.750010013580322988e-09 1.297864806174492003e+02
-1.980800018310546875e+02 -2.521600036621093750e+02 5.267500000000000812e-07 1.352543957231497131e+02
-0.000000000000000000e+00 -3.597300109863281250e+02 7.487499389648438131e-07 1.451572211521367421e+02
1.980800018310546875e+02 -2.521600036621093750e+02 5.267500000000000812e-07 1.535211126411831231e+02
2.743599853515625000e+02 -0.000000000000000000e+00 5.750010013580322988e-09 1.618071493996095001e+02
1.900899963378906250e+02 2.419799957275390625e+02 -4.942499694824218600e-07 1.673220688801812344e+02
0.000000000000000000e+00 3.393800048828125000e+02 -6.952500000000000350e-07 1.646897616673429354e+02
-1.900899963378906250e+02 2.419799957275390625e+02 -4.937499694824219283e-07 1.443099164595547563e+02
-3.258399963378906250e+02 0.000000000000000000e+00 9.250001907348633574e-09 5.020764052364236818e+01
-2.361799926757812500e+02 -3.006600036621093750e+02 6.307500000000000596e-07 5.224386329010091856e+01
-0.000000000000000000e+00 -4.296499938964843750e+02 8.967499389648438149e-07 5.591179651863387079e+01
2.361799926757812500e+02 -3.006600036621093750e+02 6.307500000000000596e-07 5.985974967492002463e+01
3.258399963378906250e+02 -0.000000000000000000e+00 9.750001907348633088e-09 6.506528586208392539e+01
2.248999938964843750e+02 2.863099975585937500e+02 -5.817500000000000841e-07 6.816631062489943815e+01
0.000000000000000000e+00 4.009400024414062500e+02 -8.187500000000001019e-07 6.675653479496978093e+01
-2.248999938964843750e+02 2.863099975585937500e+02 -5.822500000000000157e-07 5.666014290836354661e+01
-3.817699890136718750e+02 0.000000000000000000e+00 1.474998569488525455e-08 1.946030684281753054e+01
-2.779200134277343750e+02 -3.537900085449218750e+02 7.442500000000000105e-07 2.000417689145527689e+01
-0.000000000000000000e+00 -5.065199890136718750e+02 1.060749999999999966e-06 2.151018501537573258e+01
2.779200134277343750e+02 -3.537900085449218750e+02 7.467500000000000925e-07 2.329885975037817758e+01
3.817699890136718750e+02 -0.000000000000000000e+00 1.474998569488525455e-08 2.686161573320710616e+01
2.624400024414062500e+02 3.340899963378906250e+02 -6.752499389648437968e-07 2.768922019683270364e+01
0.000000000000000000e+00 4.670899963378906250e+02 -9.512500000000001039e-07 2.672391472372188659e+01
-2.624400024414062500e+02 3.340899963378906250e+02 -6.752499389648437968e-07 2.202645610946296983e+01
-4.421799926757812500e+02 0.000000000000000000e+00 4.774998855590820328e-08 1.095246385184422699e+01
-3.233999938964843750e+02 -4.116900024414062500e+02 8.997500000000000464e-07 9.017254416100261238e+00
-0.000000000000000000e+00 -5.906099853515625000e+02 1.270250000000000035e-06 8.893382206740197304e+00
3.233999938964843750e+02 -4.116900024414062500e+02 9.022500000000000224e-07 1.011633059238228505e+01
4.421799926757812500e+02 -0.000000000000000000e+00 1.037499847412109448e-07 1.141719171495042850e+01
3.026300048828125000e+02 3.852500000000000000e+02 -7.422499389648437483e-07 1.270679006688291501e+01
0.000000000000000000e+00 5.376799926757812500e+02 -1.092750000000000041e-06 1.061391706476209684e+01
-3.026300048828125000e+02 3.852500000000000000e+02 -7.412499389648437790e-07 9.307524654384373264e+00
-5.070799865722656250e+02 0.000000000000000000e+00 2.327499847412109617e-07 6.544529063552800174e+00
-3.727399902343750000e+02 -4.745000000000000000e+02 1.124250000000000078e-06 7.620334772587211702e+00
-0.000000000000000000e+00 -6.822299804687500000e+02 1.519249877929687672e-06 8.208974636094517052e+00
3.727399902343750000e+02 -4.745000000000000000e+02 1.074250000000000133e-06 6.435283746686577544e+00
5.070799865722656250e+02 -0.000000000000000000e+00 2.062499847412109561e-07 7.336949045407811454e+00
3.454200134277343750e+02 4.397200012207031250e+02 -7.817500000000000750e-07 7.553946747561409936e+00
0.000000000000000000e+00 6.125599975585937500e+02 -1.179249999999999975e-06 9.409696964783313078e+00
-3.454200134277343750e+02 4.397200012207031250e+02 -5.407500000000000743e-07 6.788204234612868149e+00
-5.764899902343750000e+02 0.000000000000000000e+00 1.997499847412109442e-07 6.976096296315327905e+00
-4.260700073242187500e+02 -5.423900146484375000e+02 1.347250000000000103e-06 5.873240413707071284e+00
-0.000000000000000000e+00 -7.817000122070312500e+02 1.728249877929687704e-06 5.420016424447199554e+00
4.260700073242187500e+02 -5.423900146484375000e+02 1.297250000000000158e-06 6.147687841758318505e+00
5.764899902343750000e+02 -0.000000000000000000e+00 1.207499847412109382e-07 6.476977942256964660e+00
3.907399902343750000e+02 4.974200134277343750e+02 -8.192499389648438157e-07 7.190668415247293055e+00
0.000000000000000000e+00 6.915800170898437500e+02 -1.307250000000000062e-06 7.245073556629447964e+00
-3.907399902343750000e+02 4.974200134277343750e+02 -7.822499389648437888e-07 5.614781664769068037e+00
-6.504500122070312500e+02 0.000000000000000000e+00 2.087499847412109586e-07 4.651072783816005085e+00
-4.835299987792968750e+02 -6.155499877929687500e+02 1.426749877929687499e-06 5.395136398824096347e+00
-0.000000000000000000e+00 -8.894199829101562500e+02 2.026750000000000119e-06 6.410330949241071608e+00
4.835299987792968750e+02 -6.155499877929687500e+02 1.487749877929687635e-06 5.024202561919985932e+00
6.504500122070312500e+02 -0.000000000000000000e+00 1.387500000000000215e-07 5.360703020037015598e+00
4.385400085449218750e+02 5.582700195312500000e+02 -1.015749999999999973e-06 6.237428493292910048e+00
0.000000000000000000e+00 7.745800170898437500e+02 -1.352249877929687619e-06 7.422485142471238362e+00
-4.385400085449218750e+02 5.582700195312500000e+02 -9.992500000000000043e-07 6.177364108731801196e+00
-7.289899902343750000e+02 0.000000000000000000e+00 1.722500000000000237e-07 4.151351326702751976e+00
-5.452999877929687500e+02 -6.941799926757812500e+02 1.591249877929687576e-06 6.613815664011546858e+00
-0.000000000000000000e+00 -1.005820007324218750e+03 2.326750000000000212e-06 4.198260652638126977e+00
5.452999877929687500e+02 -6.941799926757812500e+02 1.582249877929687535e-06 4.512339682940171848e+00
7.289899902343750000e+02 -0.000000000000000000e+00 2.532500000000000211e-07 5.512315543495485137e+00
4.887399902343750000e+02 6.221799926757812500e+02 -1.073749877929687660e-06 4.731472509612938637e+00
0.000000000000000000e+00 8.613900146484375000e+02 -1.628749877929687640e-06 5.672468205734094937e+00
-4.887399902343750000e+02 6.221799926757812500e+02 -1.089749877929687591e-06 5.487871225685038823e+00
-8.121599731445312500e+02 0.000000000000000000e+00 3.202499694824219165e-07 4.350301194291081863e+00
-6.115499877929687500e+02 -7.785100097656250000e+02 1.970749877929687711e-06 3.912252049759180395e+00
-0.000000000000000000e+00 -1.131390014648437500e+03 2.581749755859375016e-06 3.196451840298093927e+00
6.115499877929687500e+02 -7.785100097656250000e+02 2.021249877929687482e-06 4.159769430938799140e+00
8.121599731445312500e+02 -0.000000000000000000e+00 3.992499694824219225e-07 4.665729411650184844e+00
5.412999877929687500e+02 6.890800170898437500e+02 -1.227249999999999981e-06 4.601337059823563891e+00
0.000000000000000000e+00 9.518699951171875000e+02 -1.593750000000000199e-06 4.020809604128035453e+00
-5.412999877929687500e+02 6.890800170898437500e+02 -1.163250000000000043e-06 4.660612735730488509e+00
-9.000000000000000000e+02 0.000000000000000000e+00 2.422499847412109343e-07 4.316262111833440329e+00
-6.824799804687500000e+02 -8.688099975585937500e+02 2.211750000000000042e-06 3.581138520585922524e+00
-0.000000000000000000e+00 -1.266680053710937500e+03 3.079750000000000032e-06 3.441045859783123717e+00
6.824799804687500000e+02 -8.688099975585937500e+02 2.183750000000000056e-06 3.719322338227216918e+00
9.000000000000000000e+02 -0.000000000000000000e+00 2.057499847412109450e-07 3.916124658241253886e+00
5.961400146484375000e+02 7.589000244140625000e+02 -1.238249877929687525e-06 3.791282819325611175e+00
0.000000000000000000e+00 1.045849975585937500e+03 -1.789249877929687628e-06 3.802258061322421945e+00
-5.961400146484375000e+02 7.589000244140625000e+02 -1.332249877929687599e-06 3.967554143953830437e+00
-9.925900268554687500e+02 0.000000000000000000e+00 2.687500000000000209e-07 3.313908143425301933e+00
-7.583400268554687500e+02 -9.653800048828125000e+02 2.435249755859375233e-06 3.082093441169247328e+00
-0.000000000000000000e+00 -1.412329956054687500e+03 3.276749755859375138e-06 3.458466539658890948e+00
7.583400268554687500e+02 -9.653800048828125000e+02 2.322750000000000335e-06 3.455697158198945740e+00
9.925900268554687500e+02 -0.000000000000000000e+00 2.147500000000000138e-07 2.984157717725485437e+00
6.532199707031250000e+02 8.315599975585937500e+02 -1.466749877929687539e-06 3.426392445313737323e+00
0.000000000000000000e+00 1.143189941406250000e+03 -2.057250000000000081e-06 3.191197929109942155e+00
-6.532199707031250000e+02 8.315599975585937500e+02 -1.477749877929687519e-06 3.703678470362433472e+00
2.238500061035156250e+02 8.651500244140625000e+02 3.807500000000000180e-07 3.279689401474187971e+00
6.210900268554687500e+02 -1.052619995117187500e+03 3.157750000000000387e-06 4.572265785011405015e+00
9.301099853515625000e+02 8.380000305175781250e+01 -1.187500228881835962e-07 3.826948907864601512e+00
7.955300292968750000e+02 5.625900268554687500e+02 -2.647750000000000187e-06 4.273245968574727272e+00
2.131600036621093750e+02 9.815800170898437500e+02 -3.716250000000000206e-06 8.745346595741812834e+00
-3.326799926757812500e+02 2.480599975585937500e+02 -1.076750000000000109e-06 3.488419851659801907e+01
8.351400146484375000e+02 5.036000061035156250e+01 -1.906749877929687562e-06 4.647547592377176962e+00
2.305299987792968750e+02 4.542399902343750000e+02 -3.227750000000000140e-06 6.858975930231206064e+01
7.615100097656250000e+02 -1.875599975585937500e+02 2.252750000000000158e-06 5.527976937894149678e+00
-4.563999938964843750e+02 5.224799804687500000e+02 -1.112750000000000061e-06 5.859004039527080820e+00
-5.827800292968750000e+02 -1.413699951171875000e+02 -3.067499694824219082e-07 5.643889687312757530e+00
-7.533000183105468750e+01 -2.337500000000000000e+02 1.729250000000000003e-06 2.103188928474747172e+03
-7.868699951171875000e+02 -5.581699829101562500e+02 -3.102500000000000153e-07 3.005118906774239207e+00
-2.204100036621093750e+02 -1.818399963378906250e+02 -3.357499694824219164e-07 2.060607619476289898e+01
5.066099853515625000e+02 -7.769600219726562500e+02 2.447500000000000178e-07 2.817174776425309446e+00
-2.578599853515625000e+02 -6.082899780273437500e+02 2.689750000000000378e-06 1.326315679497589315e+02
